-542
0
-2473
-4790
104
-1299
-2280
-3722
-1426
155
242
-3556
-3065
78
-5271
-1450
-1269
142
-2113
215
105
87
132
-2394
-1452
0
-1791
88
-312
0
0
167
-859
-536
160
-21
-1321
-3733
-392
-917
180
0
168
-1224
81
-1179
-1242
-47
-1244
146
17
173
-1514
175
0
-1033
-2466
-1128
156
218
57
0
34
0
-2967
0
-255
59
-637
0
-1075
90
-1557
-1561
-953
-545
-2065
0
-2244
194
-2479
240
-583
-913
250
-1342
-459
153
-6
-2192
-2543
60
10
81
174
141
-2112
-1055
-2026
-2149
137
0
0
83
-4670
-265
69
-2422
73
-893
-256
-457
-2542
-1064
-4673
-3142
97
212
-178
-1983
-3086
-461
-4189
-2527
0
-1861
-602
101
-4148
-2394
49
-2304
-1261
-1359
-1021
158
-1626
-977
-1622
100
-1402
159
-2511
-1517
-745
206
-1129
96
255
-3318
-1750
117
147
-822
-310
-1378
146
-285
-4403
111
-2208
-1322
0
-1800
126
-1322
-837
112
-1098
-4961
-1886
-1145
-468
-1790
-648
-124
194
-5659
103
-734
-2467
0
22
233
198
71
-986
-743
142
-4695
-478
-422
-875
-255
110
-1100
-1534
160
-124
194
118
-998
-1314
-4045
-1944
-43
-249
-433
0
-192
-1092
-1165
-3800
-3462
-1746
170
-1922
0
0
37
-907
196
-919
-1926
-2419
-4370
-1543
-201
157
114
0
-1298
-3536
-209
0
-388
-2082
-471
-191
-2685
-1718
-787
-3605
-1133
-1243
0
30
-1795
-2140
-714
-2572
-60
-2480
-260
-409
-3696
