77
-54
-65
-261
146
-192
-4
-299
29
47
41
-182
-299
95
-479
29
-199
79
-230
75
45
163
62
-29
-210
229
-52
232
-106
0
-19
178
-49
43
144
49
-229
-259
-112
-64
131
230
65
-180
217
-91
-118
-16
-198
26
67
0
-254
-1
75
-81
-80
-87
94
118
58
195
27
125
-63
0
-85
41
41
64
-64
16
-48
-69
-19
-166
-175
0
-233
73
-47
-105
-131
-35
27
33
-140
157
18
-23
-122
89
-31
93
187
48
-244
-118
-216
-280
39
216
62
-47
-286
-59
9
-296
4
-100
-108
-139
-101
-93
-310
-302
142
0
-34
-157
-345
63
-378
-43
-6
-195
62
158
-361
-67
0
-293
-160
-190
-96
48
-76
-83
-25
93
-192
245
-108
-7
-2
137
-95
-9
128
-137
-109
83
-20
-58
-132
-219
119
-75
-210
112
-225
61
30
-127
0
49
4
-16
-161
-357
-188
-170
64
-138
84
-13
85
-382
22
-23
-70
0
14
111
66
58
-81
-81
36
-327
65
-115
-47
-82
137
-88
-1
-9
-22
5
47
-139
-215
-317
-210
22
-107
-157
15
-104
-105
-112
-296
-166
-52
174
-114
68
72
-83
-143
72
-71
-134
-76
-284
-3
-67
0
42
253
-129
-167
3
197
-76
-230
-156
-4
-146
-100
32
-181
-77
-43
44
-72
-84
-205
-24
-89
-35
-89
-97
-128
-185
-98
-105
-207

-120
-34
-44
-235
